#2101
-1.0000 0.4696
-0.9900 0.4696
-0.9800 0.4696
-0.9700 0.4696
-0.9600 0.4696
-0.9500 0.4696
-0.9400 0.4696
-0.9300 0.4696
-0.9200 0.4696
-0.9100 0.4696
-0.9000 0.4696
-0.8900 0.4696
-0.8800 0.4696
-0.8700 0.4696
-0.8600 0.4696
-0.8500 0.4696
-0.8400 0.4696
-0.8300 0.4696
-0.8200 0.4696
-0.8100 0.4696
-0.8000 0.4696
-0.7900 0.4696
-0.7800 0.4696
-0.7700 0.4696
-0.7600 0.4696
-0.7500 0.4696
-0.7400 0.4696
-0.7300 0.4696
-0.7200 0.4696
-0.7100 0.4696
-0.7000 0.4696
-0.6900 0.4696
-0.6800 0.4696
-0.6700 0.4696
-0.6600 0.4696
-0.6500 0.4696
-0.6400 0.4696
-0.6300 0.4696
-0.6200 0.4696
-0.6100 0.4696
-0.6000 0.4696
-0.5900 0.4696
-0.5800 0.4696
-0.5700 0.4696
-0.5600 0.4696
-0.5500 0.4696
-0.5400 0.4696
-0.5300 0.4696
-0.5200 0.4696
-0.5100 0.4696
-0.5000 0.4696
-0.4900 0.4696
-0.4800 0.4696
-0.4700 0.4696
-0.4600 0.4696
-0.4500 0.4696
-0.4400 0.4696
-0.4300 0.4696
-0.4200 0.4696
-0.4100 0.4696
-0.4000 0.4696
-0.3900 0.4696
-0.3800 0.4696
-0.3700 0.4696
-0.3600 0.4696
-0.3500 0.4696
-0.3400 0.4696
-0.3300 0.4696
-0.3200 0.4696
-0.3100 0.4696
-0.3000 0.4696
-0.2900 0.4696
-0.2800 0.4696
-0.2700 0.4696
-0.2600 0.4696
-0.2500 0.4696
-0.2400 0.4696
-0.2300 0.4696
-0.2200 0.4696
-0.2100 0.4696
-0.2000 0.4696
-0.1900 0.4696
-0.1800 0.4696
-0.1700 0.4696
-0.1600 0.4696
-0.1500 0.4696
-0.1400 0.4696
-0.1300 0.4696
-0.1200 0.4696
-0.1100 0.4696
-0.1000 0.4696
-0.0900 0.4696
-0.0800 0.4696
-0.0700 0.4696
-0.0600 0.4696
-0.0500 0.4696
-0.0400 0.4696
-0.0300 0.4696
-0.0200 0.4696
-0.0100 0.4696
0.0000 0.4696
0.0100 0.4691
0.0200 0.4686
0.0300 0.4682
0.0400 0.4678
0.0500 0.4675
0.0600 0.4672
0.0700 0.4668
0.0800 0.4665
0.0900 0.4663
0.1000 0.4660
0.1100 0.4658
0.1200 0.4655
0.1300 0.4653
0.1400 0.4651
0.1500 0.4649
0.1600 0.4647
0.1700 0.4645
0.1800 0.4643
0.1900 0.4642
0.2000 0.4640
0.2100 0.4638
0.2200 0.4637
0.2300 0.4635
0.2400 0.4633
0.2500 0.4631
0.2600 0.4629
0.2700 0.4627
0.2800 0.4625
0.2900 0.4622
0.3000 0.4620
0.3100 0.4617
0.3200 0.4615
0.3300 0.4612
0.3400 0.4609
0.3500 0.4606
0.3600 0.4603
0.3700 0.4600
0.3800 0.4596
0.3900 0.4593
0.4000 0.4590
0.4100 0.4587
0.4200 0.4584
0.4300 0.4581
0.4400 0.4577
0.4500 0.4574
0.4600 0.4571
0.4700 0.4568
0.4800 0.4566
0.4900 0.4563
0.5000 0.4560
0.5100 0.4557
0.5200 0.4555
0.5300 0.4552
0.5400 0.4550
0.5500 0.4548
0.5600 0.4546
0.5700 0.4544
0.5800 0.4542
0.5900 0.4541
0.6000 0.4540
0.6100 0.4539
0.6200 0.4539
0.6300 0.4539
0.6400 0.4538
0.6500 0.4539
0.6600 0.4539
0.6700 0.4539
0.6800 0.4539
0.6900 0.4540
0.7000 0.4540
0.7100 0.4540
0.7200 0.4540
0.7300 0.4540
0.7400 0.4540
0.7500 0.4540
0.7600 0.4540
0.7700 0.4540
0.7800 0.4540
0.7900 0.4540
0.8000 0.4540
0.8100 0.4540
0.8200 0.4540
0.8300 0.4540
0.8400 0.4540
0.8500 0.4540
0.8600 0.4540
0.8700 0.4540
0.8800 0.4540
0.8900 0.4540
0.9000 0.4540
0.9100 0.4540
0.9200 0.4540
0.9300 0.4540
0.9400 0.4540
0.9500 0.4540
0.9600 0.4540
0.9700 0.4540
0.9800 0.4540
0.9900 0.4540
1.0000 0.4540
1.0100 0.4540
1.0200 0.4540
1.0300 0.4540
1.0400 0.4539
1.0500 0.4539
1.0600 0.4539
1.0700 0.4539
1.0800 0.4539
1.0900 0.4540
1.1000 0.4540
1.1100 0.4541
1.1200 0.4541
1.1300 0.4542
1.1400 0.4543
1.1500 0.4544
1.1600 0.4545
1.1700 0.4546
1.1800 0.4548
1.1900 0.4549
1.2000 0.4550
1.2100 0.4551
1.2200 0.4552
1.2300 0.4553
1.2400 0.4554
1.2500 0.4555
1.2600 0.4556
1.2700 0.4557
1.2800 0.4558
1.2900 0.4559
1.3000 0.4560
1.3100 0.4561
1.3200 0.4562
1.3300 0.4563
1.3400 0.4564
1.3500 0.4565
1.3600 0.4566
1.3700 0.4567
1.3800 0.4568
1.3900 0.4569
1.4000 0.4570
1.4100 0.4571
1.4200 0.4572
1.4300 0.4573
1.4400 0.4574
1.4500 0.4575
1.4600 0.4576
1.4700 0.4577
1.4800 0.4578
1.4900 0.4579
1.5000 0.4580
1.5100 0.4581
1.5200 0.4582
1.5300 0.4582
1.5400 0.4583
1.5500 0.4584
1.5600 0.4585
1.5700 0.4586
1.5800 0.4587
1.5900 0.4588
1.6000 0.4590
1.6100 0.4592
1.6200 0.4594
1.6300 0.4596
1.6400 0.4598
1.6500 0.4600
1.6600 0.4602
1.6700 0.4605
1.6800 0.4607
1.6900 0.4608
1.7000 0.4610
1.7100 0.4611
1.7200 0.4613
1.7300 0.4614
1.7400 0.4615
1.7500 0.4615
1.7600 0.4616
1.7700 0.4617
1.7800 0.4618
1.7900 0.4619
1.8000 0.4620
1.8100 0.4621
1.8200 0.4623
1.8300 0.4625
1.8400 0.4627
1.8500 0.4629
1.8600 0.4631
1.8700 0.4633
1.8800 0.4635
1.8900 0.4638
1.9000 0.4640
1.9100 0.4642
1.9200 0.4645
1.9300 0.4647
1.9400 0.4649
1.9500 0.4651
1.9600 0.4653
1.9700 0.4655
1.9800 0.4657
1.9900 0.4659
2.0000 0.4660
2.0100 0.4661
2.0200 0.4662
2.0300 0.4663
2.0400 0.4664
2.0500 0.4665
2.0600 0.4666
2.0700 0.4667
2.0800 0.4668
2.0900 0.4669
2.1000 0.4670
2.1100 0.4672
2.1200 0.4673
2.1300 0.4675
2.1400 0.4677
2.1500 0.4679
2.1600 0.4681
2.1700 0.4683
2.1800 0.4686
2.1900 0.4688
2.2000 0.4690
2.2100 0.4692
2.2200 0.4694
2.2300 0.4696
2.2400 0.4698
2.2500 0.4700
2.2600 0.4702
2.2700 0.4704
2.2800 0.4706
2.2900 0.4708
2.3000 0.4710
2.3100 0.4712
2.3200 0.4714
2.3300 0.4716
2.3400 0.4718
2.3500 0.4720
2.3600 0.4722
2.3700 0.4724
2.3800 0.4726
2.3900 0.4728
2.4000 0.4730
2.4100 0.4732
2.4200 0.4734
2.4300 0.4736
2.4400 0.4738
2.4500 0.4740
2.4600 0.4742
2.4700 0.4744
2.4800 0.4746
2.4900 0.4748
2.5000 0.4750
2.5100 0.4752
2.5200 0.4754
2.5300 0.4756
2.5400 0.4758
2.5500 0.4760
2.5600 0.4762
2.5700 0.4764
2.5800 0.4766
2.5900 0.4768
2.6000 0.4770
2.6100 0.4772
2.6200 0.4774
2.6300 0.4776
2.6400 0.4778
2.6500 0.4780
2.6600 0.4782
2.6700 0.4784
2.6800 0.4786
2.6900 0.4788
2.7000 0.4790
2.7100 0.4792
2.7200 0.4795
2.7300 0.4797
2.7400 0.4800
2.7500 0.4803
2.7600 0.4806
2.7700 0.4809
2.7800 0.4813
2.7900 0.4816
2.8000 0.4820
2.8100 0.4824
2.8200 0.4829
2.8300 0.4833
2.8400 0.4839
2.8500 0.4844
2.8600 0.4850
2.8700 0.4857
2.8800 0.4864
2.8900 0.4872
2.9000 0.4880
2.9100 0.4889
2.9200 0.4899
2.9300 0.4909
2.9400 0.4919
2.9500 0.4929
2.9600 0.4938
2.9700 0.4947
2.9800 0.4956
2.9900 0.4963
3.0000 0.4970
3.0100 0.4975
3.0200 0.4980
3.0300 0.4983
3.0400 0.4985
3.0500 0.4987
3.0600 0.4988
3.0700 0.4989
3.0800 0.4989
3.0900 0.4990
3.1000 0.4990
3.1100 0.4990
3.1200 0.4991
3.1300 0.4992
3.1400 0.4992
3.1500 0.4993
3.1600 0.4994
3.1700 0.4996
3.1800 0.4997
3.1900 0.4998
3.2000 0.5000
3.2100 0.5002
3.2200 0.5003
3.2300 0.5005
3.2400 0.5007
3.2500 0.5009
3.2600 0.5011
3.2700 0.5014
3.2800 0.5016
3.2900 0.5018
3.3000 0.5020
3.3100 0.5022
3.3200 0.5024
3.3300 0.5026
3.3400 0.5028
3.3500 0.5030
3.3600 0.5032
3.3700 0.5034
3.3800 0.5036
3.3900 0.5038
3.4000 0.5040
3.4100 0.5042
3.4200 0.5044
3.4300 0.5046
3.4400 0.5048
3.4500 0.5050
3.4600 0.5052
3.4700 0.5054
3.4800 0.5056
3.4900 0.5058
3.5000 0.5060
3.5100 0.5062
3.5200 0.5064
3.5300 0.5065
3.5400 0.5067
3.5500 0.5069
3.5600 0.5071
3.5700 0.5073
3.5800 0.5075
3.5900 0.5078
3.6000 0.5080
3.6100 0.5083
3.6200 0.5086
3.6300 0.5089
3.6400 0.5092
3.6500 0.5095
3.6600 0.5098
3.6700 0.5101
3.6800 0.5104
3.6900 0.5107
3.7000 0.5110
3.7100 0.5112
3.7200 0.5115
3.7300 0.5117
3.7400 0.5119
3.7500 0.5121
3.7600 0.5123
3.7700 0.5125
3.7800 0.5126
3.7900 0.5128
3.8000 0.5130
3.8100 0.5132
3.8200 0.5134
3.8300 0.5136
3.8400 0.5138
3.8500 0.5140
3.8600 0.5142
3.8700 0.5144
3.8800 0.5146
3.8900 0.5148
3.9000 0.5150
3.9100 0.5152
3.9200 0.5154
3.9300 0.5156
3.9400 0.5158
3.9500 0.5160
3.9600 0.5162
3.9700 0.5164
3.9800 0.5166
3.9900 0.5168
4.0000 0.5170
4.0100 0.5172
4.0200 0.5173
4.0300 0.5175
4.0400 0.5177
4.0500 0.5179
4.0600 0.5181
4.0700 0.5183
4.0800 0.5185
4.0900 0.5187
4.1000 0.5190
4.1100 0.5193
4.1200 0.5196
4.1300 0.5199
4.1400 0.5202
4.1500 0.5205
4.1600 0.5209
4.1700 0.5212
4.1800 0.5215
4.1900 0.5217
4.2000 0.5220
4.2100 0.5222
4.2200 0.5224
4.2300 0.5226
4.2400 0.5228
4.2500 0.5230
4.2600 0.5232
4.2700 0.5233
4.2800 0.5235
4.2900 0.5238
4.3000 0.5240
4.3100 0.5243
4.3200 0.5245
4.3300 0.5249
4.3400 0.5252
4.3500 0.5255
4.3600 0.5258
4.3700 0.5261
4.3800 0.5264
4.3900 0.5267
4.4000 0.5270
4.4100 0.5272
4.4200 0.5274
4.4300 0.5276
4.4400 0.5278
4.4500 0.5280
4.4600 0.5282
4.4700 0.5284
4.4800 0.5285
4.4900 0.5288
4.5000 0.5290
4.5100 0.5293
4.5200 0.5295
4.5300 0.5299
4.5400 0.5302
4.5500 0.5305
4.5600 0.5308
4.5700 0.5311
4.5800 0.5314
4.5900 0.5317
4.6000 0.5320
4.6100 0.5322
4.6200 0.5324
4.6300 0.5326
4.6400 0.5328
4.6500 0.5330
4.6600 0.5332
4.6700 0.5334
4.6800 0.5335
4.6900 0.5338
4.7000 0.5340
4.7100 0.5343
4.7200 0.5345
4.7300 0.5349
4.7400 0.5352
4.7500 0.5355
4.7600 0.5358
4.7700 0.5361
4.7800 0.5364
4.7900 0.5367
4.8000 0.5370
4.8100 0.5372
4.8200 0.5374
4.8300 0.5376
4.8400 0.5378
4.8500 0.5380
4.8600 0.5382
4.8700 0.5384
4.8800 0.5385
4.8900 0.5388
4.9000 0.5390
4.9100 0.5393
4.9200 0.5395
4.9300 0.5399
4.9400 0.5402
4.9500 0.5405
4.9600 0.5408
4.9700 0.5411
4.9800 0.5414
4.9900 0.5417
5.0000 0.5420
5.0100 0.5422
5.0200 0.5425
5.0300 0.5427
5.0400 0.5429
5.0500 0.5430
5.0600 0.5432
5.0700 0.5434
5.0800 0.5436
5.0900 0.5438
5.1000 0.5440
5.1100 0.5443
5.1200 0.5445
5.1300 0.5448
5.1400 0.5451
5.1500 0.5454
5.1600 0.5457
5.1700 0.5460
5.1800 0.5464
5.1900 0.5467
5.2000 0.5470
5.2100 0.5473
5.2200 0.5476
5.2300 0.5479
5.2400 0.5482
5.2500 0.5485
5.2600 0.5488
5.2700 0.5491
5.2800 0.5494
5.2900 0.5497
5.3000 0.5500
5.3100 0.5503
5.3200 0.5507
5.3300 0.5510
5.3400 0.5513
5.3500 0.5517
5.3600 0.5520
5.3700 0.5523
5.3800 0.5525
5.3900 0.5528
5.4000 0.5530
5.4100 0.5532
5.4200 0.5533
5.4300 0.5534
5.4400 0.5536
5.4500 0.5537
5.4600 0.5539
5.4700 0.5541
5.4800 0.5543
5.4900 0.5546
5.5000 0.5550
5.5100 0.5555
5.5200 0.5560
5.5300 0.5566
5.5400 0.5573
5.5500 0.5580
5.5600 0.5587
5.5700 0.5595
5.5800 0.5603
5.5900 0.5612
5.6000 0.5620
5.6100 0.5628
5.6200 0.5637
5.6300 0.5645
5.6400 0.5654
5.6500 0.5662
5.6600 0.5670
5.6700 0.5678
5.6800 0.5686
5.6900 0.5693
5.7000 0.5700
5.7100 0.5707
5.7200 0.5713
5.7300 0.5719
5.7400 0.5725
5.7500 0.5730
5.7600 0.5735
5.7700 0.5739
5.7800 0.5743
5.7900 0.5747
5.8000 0.5750
5.8100 0.5753
5.8200 0.5755
5.8300 0.5757
5.8400 0.5759
5.8500 0.5761
5.8600 0.5762
5.8700 0.5764
5.8800 0.5766
5.8900 0.5768
5.9000 0.5770
5.9100 0.5773
5.9200 0.5775
5.9300 0.5778
5.9400 0.5782
5.9500 0.5785
5.9600 0.5788
5.9700 0.5791
5.9800 0.5794
5.9900 0.5797
6.0000 0.5800
6.0100 0.5803
6.0200 0.5805
6.0300 0.5807
6.0400 0.5809
6.0500 0.5810
6.0600 0.5812
6.0700 0.5814
6.0800 0.5816
6.0900 0.5818
6.1000 0.5820
6.1100 0.5822
6.1200 0.5825
6.1300 0.5828
6.1400 0.5831
6.1500 0.5834
6.1600 0.5837
6.1700 0.5840
6.1800 0.5843
6.1900 0.5847
6.2000 0.5850
6.2100 0.5853
6.2200 0.5857
6.2300 0.5860
6.2400 0.5863
6.2500 0.5866
6.2600 0.5869
6.2700 0.5872
6.2800 0.5875
6.2900 0.5878
6.3000 0.5880
6.3100 0.5882
6.3200 0.5884
6.3300 0.5886
6.3400 0.5888
6.3500 0.5890
6.3600 0.5892
6.3700 0.5894
6.3800 0.5896
6.3900 0.5898
6.4000 0.5900
6.4100 0.5902
6.4200 0.5905
6.4300 0.5908
6.4400 0.5911
6.4500 0.5914
6.4600 0.5917
6.4700 0.5920
6.4800 0.5923
6.4900 0.5927
6.5000 0.5930
6.5100 0.5933
6.5200 0.5937
6.5300 0.5940
6.5400 0.5943
6.5500 0.5946
6.5600 0.5949
6.5700 0.5952
6.5800 0.5955
6.5900 0.5958
6.6000 0.5960
6.6100 0.5962
6.6200 0.5964
6.6300 0.5966
6.6400 0.5968
6.6500 0.5970
6.6600 0.5972
6.6700 0.5974
6.6800 0.5976
6.6900 0.5978
6.7000 0.5980
6.7100 0.5982
6.7200 0.5985
6.7300 0.5988
6.7400 0.5991
6.7500 0.5994
6.7600 0.5997
6.7700 0.6000
6.7800 0.6004
6.7900 0.6007
6.8000 0.6010
6.8100 0.6013
6.8200 0.6016
6.8300 0.6019
6.8400 0.6022
6.8500 0.6025
6.8600 0.6028
6.8700 0.6031
6.8800 0.6034
6.8900 0.6037
6.9000 0.6040
6.9100 0.6043
6.9200 0.6046
6.9300 0.6050
6.9400 0.6053
6.9500 0.6056
6.9600 0.6059
6.9700 0.6062
6.9800 0.6065
6.9900 0.6068
7.0000 0.6070
7.0100 0.6072
7.0200 0.6074
7.0300 0.6076
7.0400 0.6078
7.0500 0.6080
7.0600 0.6082
7.0700 0.6084
7.0800 0.6086
7.0900 0.6088
7.1000 0.6090
7.1100 0.6092
7.1200 0.6095
7.1300 0.6098
7.1400 0.6101
7.1500 0.6104
7.1600 0.6107
7.1700 0.6110
7.1800 0.6114
7.1900 0.6117
7.2000 0.6120
7.2100 0.6123
7.2200 0.6126
7.2300 0.6129
7.2400 0.6132
7.2500 0.6135
7.2600 0.6138
7.2700 0.6141
7.2800 0.6144
7.2900 0.6147
7.3000 0.6150
7.3100 0.6153
7.3200 0.6156
7.3300 0.6159
7.3400 0.6162
7.3500 0.6165
7.3600 0.6168
7.3700 0.6171
7.3800 0.6174
7.3900 0.6177
7.4000 0.6180
7.4100 0.6183
7.4200 0.6186
7.4300 0.6189
7.4400 0.6192
7.4500 0.6195
7.4600 0.6198
7.4700 0.6201
7.4800 0.6204
7.4900 0.6207
7.5000 0.6210
7.5100 0.6213
7.5200 0.6216
7.5300 0.6219
7.5400 0.6222
7.5500 0.6225
7.5600 0.6228
7.5700 0.6231
7.5800 0.6234
7.5900 0.6237
7.6000 0.6240
7.6100 0.6243
7.6200 0.6246
7.6300 0.6249
7.6400 0.6252
7.6500 0.6255
7.6600 0.6258
7.6700 0.6261
7.6800 0.6264
7.6900 0.6267
7.7000 0.6270
7.7100 0.6273
7.7200 0.6276
7.7300 0.6279
7.7400 0.6282
7.7500 0.6285
7.7600 0.6288
7.7700 0.6291
7.7800 0.6294
7.7900 0.6297
7.8000 0.6300
7.8100 0.6303
7.8200 0.6306
7.8300 0.6309
7.8400 0.6312
7.8500 0.6315
7.8600 0.6318
7.8700 0.6321
7.8800 0.6324
7.8900 0.6327
7.9000 0.6330
7.9100 0.6333
7.9200 0.6336
7.9300 0.6339
7.9400 0.6342
7.9500 0.6345
7.9600 0.6348
7.9700 0.6351
7.9800 0.6354
7.9900 0.6357
8.0000 0.6360
8.0100 0.6363
8.0200 0.6366
8.0300 0.6369
8.0400 0.6372
8.0500 0.6375
8.0600 0.6378
8.0700 0.6381
8.0800 0.6384
8.0900 0.6387
8.1000 0.6390
8.1100 0.6393
8.1200 0.6395
8.1300 0.6398
8.1400 0.6401
8.1500 0.6403
8.1600 0.6406
8.1700 0.6410
8.1800 0.6413
8.1900 0.6416
8.2000 0.6420
8.2100 0.6424
8.2200 0.6429
8.2300 0.6433
8.2400 0.6438
8.2500 0.6443
8.2600 0.6448
8.2700 0.6453
8.2800 0.6459
8.2900 0.6464
8.3000 0.6470
8.3100 0.6475
8.3200 0.6481
8.3300 0.6487
8.3400 0.6492
8.3500 0.6498
8.3600 0.6504
8.3700 0.6510
8.3800 0.6517
8.3900 0.6523
8.4000 0.6530
8.4100 0.6537
8.4200 0.6544
8.4300 0.6552
8.4400 0.6559
8.4500 0.6566
8.4600 0.6574
8.4700 0.6581
8.4800 0.6588
8.4900 0.6594
8.5000 0.6600
8.5100 0.6605
8.5200 0.6610
8.5300 0.6615
8.5400 0.6619
8.5500 0.6623
8.5600 0.6627
8.5700 0.6630
8.5800 0.6633
8.5900 0.6637
8.6000 0.6640
8.6100 0.6643
8.6200 0.6646
8.6300 0.6650
8.6400 0.6653
8.6500 0.6656
8.6600 0.6659
8.6700 0.6662
8.6800 0.6665
8.6900 0.6667
8.7000 0.6670
8.7100 0.6672
8.7200 0.6674
8.7300 0.6676
8.7400 0.6678
8.7500 0.6680
8.7600 0.6682
8.7700 0.6684
8.7800 0.6686
8.7900 0.6688
8.8000 0.6690
8.8100 0.6693
8.8200 0.6695
8.8300 0.6698
8.8400 0.6701
8.8500 0.6704
8.8600 0.6707
8.8700 0.6710
8.8800 0.6714
8.8900 0.6717
8.9000 0.6720
8.9100 0.6723
8.9200 0.6726
8.9300 0.6729
8.9400 0.6732
8.9500 0.6735
8.9600 0.6738
8.9700 0.6741
8.9800 0.6744
8.9900 0.6747
9.0000 0.6750
9.0100 0.6753
9.0200 0.6756
9.0300 0.6759
9.0400 0.6762
9.0500 0.6765
9.0600 0.6768
9.0700 0.6771
9.0800 0.6774
9.0900 0.6777
9.1000 0.6780
9.1100 0.6783
9.1200 0.6786
9.1300 0.6790
9.1400 0.6793
9.1500 0.6796
9.1600 0.6799
9.1700 0.6802
9.1800 0.6805
9.1900 0.6807
9.2000 0.6810
9.2100 0.6812
9.2200 0.6814
9.2300 0.6816
9.2400 0.6818
9.2500 0.6820
9.2600 0.6822
9.2700 0.6824
9.2800 0.6826
9.2900 0.6828
9.3000 0.6830
9.3100 0.6832
9.3200 0.6835
9.3300 0.6838
9.3400 0.6841
9.3500 0.6844
9.3600 0.6847
9.3700 0.6850
9.3800 0.6853
9.3900 0.6857
9.4000 0.6860
9.4100 0.6863
9.4200 0.6867
9.4300 0.6870
9.4400 0.6873
9.4500 0.6876
9.4600 0.6879
9.4700 0.6882
9.4800 0.6885
9.4900 0.6888
9.5000 0.6890
9.5100 0.6892
9.5200 0.6894
9.5300 0.6896
9.5400 0.6898
9.5500 0.6900
9.5600 0.6902
9.5700 0.6904
9.5800 0.6906
9.5900 0.6908
9.6000 0.6910
9.6100 0.6912
9.6200 0.6915
9.6300 0.6918
9.6400 0.6921
9.6500 0.6924
9.6600 0.6927
9.6700 0.6930
9.6800 0.6933
9.6900 0.6937
9.7000 0.6940
9.7100 0.6943
9.7200 0.6947
9.7300 0.6950
9.7400 0.6953
9.7500 0.6956
9.7600 0.6959
9.7700 0.6962
9.7800 0.6965
9.7900 0.6968
9.8000 0.6970
9.8100 0.6972
9.8200 0.6974
9.8300 0.6976
9.8400 0.6978
9.8500 0.6980
9.8600 0.6982
9.8700 0.6984
9.8800 0.6986
9.8900 0.6988
9.9000 0.6990
9.9100 0.6993
9.9200 0.6995
9.9300 0.6998
9.9400 0.7001
9.9500 0.7004
9.9600 0.7007
9.9700 0.7011
9.9800 0.7014
9.9900 0.7017
10.0000 0.7020
10.0100 0.7023
10.0200 0.7026
10.0300 0.7029
10.0400 0.7031
10.0500 0.7034
10.0600 0.7037
10.0700 0.7039
10.0800 0.7042
10.0900 0.7044
10.1000 0.7047
10.1100 0.7050
10.1200 0.7052
10.1300 0.7055
10.1400 0.7058
10.1500 0.7060
10.1600 0.7063
10.1700 0.7066
10.1800 0.7068
10.1900 0.7071
10.2000 0.7074
10.2100 0.7077
10.2200 0.7079
10.2300 0.7082
10.2400 0.7085
10.2500 0.7087
10.2600 0.7090
10.2700 0.7093
10.2800 0.7096
10.2900 0.7098
10.3000 0.7101
10.3100 0.7104
10.3200 0.7106
10.3300 0.7109
10.3400 0.7112
10.3500 0.7115
10.3600 0.7117
10.3700 0.7120
10.3800 0.7123
10.3900 0.7125
10.4000 0.7128
10.4100 0.7131
10.4200 0.7133
10.4300 0.7136
10.4400 0.7139
10.4500 0.7141
10.4600 0.7144
10.4700 0.7147
10.4800 0.7150
10.4900 0.7152
10.5000 0.7155
10.5100 0.7158
10.5200 0.7160
10.5300 0.7163
10.5400 0.7166
10.5500 0.7168
10.5600 0.7171
10.5700 0.7174
10.5800 0.7177
10.5900 0.7179
10.6000 0.7182
10.6100 0.7185
10.6200 0.7187
10.6300 0.7190
10.6400 0.7193
10.6500 0.7196
10.6600 0.7198
10.6700 0.7201
10.6800 0.7204
10.6900 0.7206
10.7000 0.7209
10.7100 0.7212
10.7200 0.7214
10.7300 0.7217
10.7400 0.7220
10.7500 0.7222
10.7600 0.7225
10.7700 0.7228
10.7800 0.7231
10.7900 0.7233
10.8000 0.7236
10.8100 0.7239
10.8200 0.7241
10.8300 0.7244
10.8400 0.7247
10.8500 0.7249
10.8600 0.7252
10.8700 0.7255
10.8800 0.7258
10.8900 0.7260
10.9000 0.7263
10.9100 0.7266
10.9200 0.7268
10.9300 0.7271
10.9400 0.7274
10.9500 0.7277
10.9600 0.7279
10.9700 0.7282
10.9800 0.7285
10.9900 0.7287
11.0000 0.7290
11.0100 0.7293
11.0200 0.7295
11.0300 0.7298
11.0400 0.7301
11.0500 0.7304
11.0600 0.7306
11.0700 0.7309
11.0800 0.7312
11.0900 0.7314
11.1000 0.7317
11.1100 0.7320
11.1200 0.7322
11.1300 0.7325
11.1400 0.7328
11.1500 0.7330
11.1600 0.7333
11.1700 0.7336
11.1800 0.7339
11.1900 0.7341
11.2000 0.7344
11.2100 0.7347
11.2200 0.7349
11.2300 0.7352
11.2400 0.7355
11.2500 0.7358
11.2600 0.7360
11.2700 0.7363
11.2800 0.7366
11.2900 0.7368
11.3000 0.7371
11.3100 0.7374
11.3200 0.7376
11.3300 0.7379
11.3400 0.7382
11.3500 0.7385
11.3600 0.7387
11.3700 0.7390
11.3800 0.7393
11.3900 0.7395
11.4000 0.7398
11.4100 0.7401
11.4200 0.7403
11.4300 0.7406
11.4400 0.7409
11.4500 0.7411
11.4600 0.7414
11.4700 0.7417
11.4800 0.7420
11.4900 0.7422
11.5000 0.7425
11.5100 0.7428
11.5200 0.7430
11.5300 0.7433
11.5400 0.7436
11.5500 0.7439
11.5600 0.7441
11.5700 0.7444
11.5800 0.7447
11.5900 0.7449
11.6000 0.7452
11.6100 0.7455
11.6200 0.7457
11.6300 0.7460
11.6400 0.7463
11.6500 0.7466
11.6600 0.7468
11.6700 0.7471
11.6800 0.7474
11.6900 0.7476
11.7000 0.7479
11.7100 0.7482
11.7200 0.7484
11.7300 0.7487
11.7400 0.7490
11.7500 0.7492
11.7600 0.7495
11.7700 0.7498
11.7800 0.7501
11.7900 0.7503
11.8000 0.7506
11.8100 0.7509
11.8200 0.7511
11.8300 0.7514
11.8400 0.7517
11.8500 0.7520
11.8600 0.7522
11.8700 0.7525
11.8800 0.7528
11.8900 0.7530
11.9000 0.7533
11.9100 0.7536
11.9200 0.7538
11.9300 0.7541
11.9400 0.7544
11.9500 0.7547
11.9600 0.7549
11.9700 0.7552
11.9800 0.7555
11.9900 0.7557
12.0000 0.7560
12.0100 0.7563
12.0200 0.7565
12.0300 0.7568
12.0400 0.7571
12.0500 0.7573
12.0600 0.7576
12.0700 0.7579
12.0800 0.7582
12.0900 0.7584
12.1000 0.7587
12.1100 0.7590
12.1200 0.7592
12.1300 0.7595
12.1400 0.7598
12.1500 0.7601
12.1600 0.7603
12.1700 0.7606
12.1800 0.7609
12.1900 0.7611
12.2000 0.7614
12.2100 0.7617
12.2200 0.7619
12.2300 0.7622
12.2400 0.7625
12.2500 0.7628
12.2600 0.7630
12.2700 0.7633
12.2800 0.7636
12.2900 0.7638
12.3000 0.7641
12.3100 0.7644
12.3200 0.7646
12.3300 0.7649
12.3400 0.7652
12.3500 0.7654
12.3600 0.7657
12.3700 0.7660
12.3800 0.7663
12.3900 0.7665
12.4000 0.7668
12.4100 0.7671
12.4200 0.7673
12.4300 0.7676
12.4400 0.7679
12.4500 0.7681
12.4600 0.7684
12.4700 0.7687
12.4800 0.7690
12.4900 0.7692
12.5000 0.7695
12.5100 0.7698
12.5200 0.7700
12.5300 0.7703
12.5400 0.7706
12.5500 0.7709
12.5600 0.7711
12.5700 0.7714
12.5800 0.7717
12.5900 0.7719
12.6000 0.7722
12.6100 0.7725
12.6200 0.7727
12.6300 0.7730
12.6400 0.7733
12.6500 0.7735
12.6600 0.7738
12.6700 0.7741
12.6800 0.7744
12.6900 0.7746
12.7000 0.7749
12.7100 0.7752
12.7200 0.7754
12.7300 0.7757
12.7400 0.7760
12.7500 0.7762
12.7600 0.7765
12.7700 0.7768
12.7800 0.7771
12.7900 0.7773
12.8000 0.7776
12.8100 0.7779
12.8200 0.7781
12.8300 0.7784
12.8400 0.7787
12.8500 0.7790
12.8600 0.7792
12.8700 0.7795
12.8800 0.7798
12.8900 0.7800
12.9000 0.7803
12.9100 0.7806
12.9200 0.7808
12.9300 0.7811
12.9400 0.7814
12.9500 0.7816
12.9600 0.7819
12.9700 0.7822
12.9800 0.7825
12.9900 0.7827
13.0000 0.7830
13.0100 0.7833
13.0200 0.7835
13.0300 0.7838
13.0400 0.7841
13.0500 0.7843
13.0600 0.7846
13.0700 0.7849
13.0800 0.7852
13.0900 0.7854
13.1000 0.7857
13.1100 0.7860
13.1200 0.7862
13.1300 0.7865
13.1400 0.7868
13.1500 0.7871
13.1600 0.7873
13.1700 0.7876
13.1800 0.7879
13.1900 0.7881
13.2000 0.7884
13.2100 0.7887
13.2200 0.7889
13.2300 0.7892
13.2400 0.7895
13.2500 0.7897
13.2600 0.7900
13.2700 0.7903
13.2800 0.7906
13.2900 0.7908
13.3000 0.7911
13.3100 0.7914
13.3200 0.7916
13.3300 0.7919
13.3400 0.7922
13.3500 0.7924
13.3600 0.7927
13.3700 0.7930
13.3800 0.7933
13.3900 0.7935
13.4000 0.7938
13.4100 0.7941
13.4200 0.7943
13.4300 0.7946
13.4400 0.7949
13.4500 0.7952
13.4600 0.7954
13.4700 0.7957
13.4800 0.7960
13.4900 0.7962
13.5000 0.7965
13.5100 0.7968
13.5200 0.7970
13.5300 0.7973
13.5400 0.7976
13.5500 0.7978
13.5600 0.7981
13.5700 0.7984
13.5800 0.7987
13.5900 0.7989
13.6000 0.7992
13.6100 0.7995
13.6200 0.7997
13.6300 0.8000
13.6400 0.8003
13.6500 0.8005
13.6600 0.8008
13.6700 0.8011
13.6800 0.8014
13.6900 0.8016
13.7000 0.8019
13.7100 0.8022
13.7200 0.8024
13.7300 0.8027
13.7400 0.8030
13.7500 0.8033
13.7600 0.8035
13.7700 0.8038
13.7800 0.8041
13.7900 0.8043
13.8000 0.8046
13.8100 0.8049
13.8200 0.8051
13.8300 0.8054
13.8400 0.8057
13.8500 0.8060
13.8600 0.8062
13.8700 0.8065
13.8800 0.8068
13.8900 0.8070
13.9000 0.8073
13.9100 0.8076
13.9200 0.8078
13.9300 0.8081
13.9400 0.8084
13.9500 0.8086
13.9600 0.8089
13.9700 0.8092
13.9800 0.8095
13.9900 0.8097
14.0000 0.8100
14.0100 0.8103
14.0200 0.8105
14.0300 0.8108
14.0400 0.8111
14.0500 0.8114
14.0600 0.8116
14.0700 0.8119
14.0800 0.8122
14.0900 0.8124
14.1000 0.8127
14.1100 0.8130
14.1200 0.8132
14.1300 0.8135
14.1400 0.8138
14.1500 0.8141
14.1600 0.8143
14.1700 0.8146
14.1800 0.8149
14.1900 0.8151
14.2000 0.8154
14.2100 0.8157
14.2200 0.8159
14.2300 0.8162
14.2400 0.8165
14.2500 0.8167
14.2600 0.8170
14.2700 0.8173
14.2800 0.8176
14.2900 0.8178
14.3000 0.8181
14.3100 0.8184
14.3200 0.8186
14.3300 0.8189
14.3400 0.8192
14.3500 0.8195
14.3600 0.8197
14.3700 0.8200
14.3800 0.8203
14.3900 0.8205
14.4000 0.8208
14.4100 0.8211
14.4200 0.8213
14.4300 0.8216
14.4400 0.8219
14.4500 0.8222
14.4600 0.8224
14.4700 0.8227
14.4800 0.8230
14.4900 0.8232
14.5000 0.8235
14.5100 0.8238
14.5200 0.8240
14.5300 0.8243
14.5400 0.8246
14.5500 0.8248
14.5600 0.8251
14.5700 0.8254
14.5800 0.8257
14.5900 0.8259
14.6000 0.8262
14.6100 0.8265
14.6200 0.8267
14.6300 0.8270
14.6400 0.8273
14.6500 0.8276
14.6600 0.8278
14.6700 0.8281
14.6800 0.8284
14.6900 0.8286
14.7000 0.8289
14.7100 0.8292
14.7200 0.8294
14.7300 0.8297
14.7400 0.8300
14.7500 0.8303
14.7600 0.8305
14.7700 0.8308
14.7800 0.8311
14.7900 0.8313
14.8000 0.8316
14.8100 0.8319
14.8200 0.8321
14.8300 0.8324
14.8400 0.8327
14.8500 0.8329
14.8600 0.8332
14.8700 0.8335
14.8800 0.8338
14.8900 0.8340
14.9000 0.8343
14.9100 0.8346
14.9200 0.8348
14.9300 0.8351
14.9400 0.8354
14.9500 0.8357
14.9600 0.8359
14.9700 0.8362
14.9800 0.8365
14.9900 0.8367
15.0000 0.8370
15.0100 0.8373
15.0200 0.8375
15.0300 0.8378
15.0400 0.8381
15.0500 0.8384
15.0600 0.8386
15.0700 0.8389
15.0800 0.8392
15.0900 0.8394
15.1000 0.8397
15.1100 0.8400
15.1200 0.8402
15.1300 0.8405
15.1400 0.8408
15.1500 0.8410
15.1600 0.8413
15.1700 0.8416
15.1800 0.8419
15.1900 0.8421
15.2000 0.8424
15.2100 0.8427
15.2200 0.8429
15.2300 0.8432
15.2400 0.8435
15.2500 0.8438
15.2600 0.8440
15.2700 0.8443
15.2800 0.8446
15.2900 0.8448
15.3000 0.8451
15.3100 0.8454
15.3200 0.8456
15.3300 0.8459
15.3400 0.8462
15.3500 0.8465
15.3600 0.8467
15.3700 0.8470
15.3800 0.8473
15.3900 0.8475
15.4000 0.8478
15.4100 0.8481
15.4200 0.8483
15.4300 0.8486
15.4400 0.8489
15.4500 0.8491
15.4600 0.8494
15.4700 0.8497
15.4800 0.8500
15.4900 0.8502
15.5000 0.8505
15.5100 0.8508
15.5200 0.8510
15.5300 0.8513
15.5400 0.8516
15.5500 0.8518
15.5600 0.8521
15.5700 0.8524
15.5800 0.8527
15.5900 0.8529
15.6000 0.8532
15.6100 0.8535
15.6200 0.8537
15.6300 0.8540
15.6400 0.8543
15.6500 0.8546
15.6600 0.8548
15.6700 0.8551
15.6800 0.8554
15.6900 0.8556
15.7000 0.8559
15.7100 0.8562
15.7200 0.8564
15.7300 0.8567
15.7400 0.8570
15.7500 0.8572
15.7600 0.8575
15.7700 0.8578
15.7800 0.8581
15.7900 0.8583
15.8000 0.8586
15.8100 0.8589
15.8200 0.8591
15.8300 0.8594
15.8400 0.8597
15.8500 0.8599
15.8600 0.8602
15.8700 0.8605
15.8800 0.8608
15.8900 0.8610
15.9000 0.8613
15.9100 0.8616
15.9200 0.8618
15.9300 0.8621
15.9400 0.8624
15.9500 0.8627
15.9600 0.8629
15.9700 0.8632
15.9800 0.8635
15.9900 0.8637
16.0000 0.8640
16.0100 0.8643
16.0200 0.8645
16.0300 0.8648
16.0400 0.8651
16.0500 0.8653
16.0600 0.8656
16.0700 0.8659
16.0800 0.8662
16.0900 0.8664
16.1000 0.8667
16.1100 0.8670
16.1200 0.8672
16.1300 0.8675
16.1400 0.8678
16.1500 0.8680
16.1600 0.8683
16.1700 0.8686
16.1800 0.8689
16.1900 0.8691
16.2000 0.8694
16.2100 0.8697
16.2200 0.8699
16.2300 0.8702
16.2400 0.8705
16.2500 0.8708
16.2600 0.8710
16.2700 0.8713
16.2800 0.8716
16.2900 0.8718
16.3000 0.8721
16.3100 0.8724
16.3200 0.8726
16.3300 0.8729
16.3400 0.8732
16.3500 0.8734
16.3600 0.8737
16.3700 0.8740
16.3800 0.8743
16.3900 0.8745
16.4000 0.8748
16.4100 0.8751
16.4200 0.8753
16.4300 0.8756
16.4400 0.8759
16.4500 0.8761
16.4600 0.8764
16.4700 0.8767
16.4800 0.8770
16.4900 0.8772
16.5000 0.8775
16.5100 0.8778
16.5200 0.8780
16.5300 0.8783
16.5400 0.8786
16.5500 0.8789
16.5600 0.8791
16.5700 0.8794
16.5800 0.8797
16.5900 0.8799
16.6000 0.8802
16.6100 0.8805
16.6200 0.8807
16.6300 0.8810
16.6400 0.8813
16.6500 0.8815
16.6600 0.8818
16.6700 0.8821
16.6800 0.8824
16.6900 0.8826
16.7000 0.8829
16.7100 0.8832
16.7200 0.8834
16.7300 0.8837
16.7400 0.8840
16.7500 0.8842
16.7600 0.8845
16.7700 0.8848
16.7800 0.8851
16.7900 0.8853
16.8000 0.8856
16.8100 0.8859
16.8200 0.8861
16.8300 0.8864
16.8400 0.8867
16.8500 0.8870
16.8600 0.8872
16.8700 0.8875
16.8800 0.8878
16.8900 0.8880
16.9000 0.8883
16.9100 0.8886
16.9200 0.8888
16.9300 0.8891
16.9400 0.8894
16.9500 0.8897
16.9600 0.8899
16.9700 0.8902
16.9800 0.8905
16.9900 0.8907
17.0000 0.8910
17.0100 0.8913
17.0200 0.8915
17.0300 0.8918
17.0400 0.8921
17.0500 0.8923
17.0600 0.8926
17.0700 0.8929
17.0800 0.8932
17.0900 0.8934
17.1000 0.8937
17.1100 0.8940
17.1200 0.8942
17.1300 0.8945
17.1400 0.8948
17.1500 0.8951
17.1600 0.8953
17.1700 0.8956
17.1800 0.8959
17.1900 0.8961
17.2000 0.8964
17.2100 0.8967
17.2200 0.8969
17.2300 0.8972
17.2400 0.8975
17.2500 0.8978
17.2600 0.8980
17.2700 0.8983
17.2800 0.8986
17.2900 0.8988
17.3000 0.8991
17.3100 0.8994
17.3200 0.8996
17.3300 0.8999
17.3400 0.9002
17.3500 0.9004
17.3600 0.9007
17.3700 0.9010
17.3800 0.9013
17.3900 0.9015
17.4000 0.9018
17.4100 0.9021
17.4200 0.9023
17.4300 0.9026
17.4400 0.9029
17.4500 0.9032
17.4600 0.9034
17.4700 0.9037
17.4800 0.9040
17.4900 0.9042
17.5000 0.9045
17.5100 0.9048
17.5200 0.9050
17.5300 0.9053
17.5400 0.9056
17.5500 0.9059
17.5600 0.9061
17.5700 0.9064
17.5800 0.9067
17.5900 0.9069
17.6000 0.9072
17.6100 0.9075
17.6200 0.9077
17.6300 0.9080
17.6400 0.9083
17.6500 0.9085
17.6600 0.9088
17.6700 0.9091
17.6800 0.9094
17.6900 0.9096
17.7000 0.9099
17.7100 0.9102
17.7200 0.9104
17.7300 0.9107
17.7400 0.9110
17.7500 0.9113
17.7600 0.9115
17.7700 0.9118
17.7800 0.9121
17.7900 0.9123
17.8000 0.9126
17.8100 0.9129
17.8200 0.9131
17.8300 0.9134
17.8400 0.9137
17.8500 0.9140
17.8600 0.9142
17.8700 0.9145
17.8800 0.9148
17.8900 0.9150
17.9000 0.9153
17.9100 0.9156
17.9200 0.9158
17.9300 0.9161
17.9400 0.9164
17.9500 0.9166
17.9600 0.9169
17.9700 0.9172
17.9800 0.9175
17.9900 0.9177
18.0000 0.9180
18.0100 0.9183
18.0200 0.9185
18.0300 0.9188
18.0400 0.9191
18.0500 0.9194
18.0600 0.9196
18.0700 0.9199
18.0800 0.9202
18.0900 0.9204
18.1000 0.9207
18.1100 0.9210
18.1200 0.9212
18.1300 0.9215
18.1400 0.9218
18.1500 0.9221
18.1600 0.9223
18.1700 0.9226
18.1800 0.9229
18.1900 0.9231
18.2000 0.9234
18.2100 0.9237
18.2200 0.9239
18.2300 0.9242
18.2400 0.9245
18.2500 0.9247
18.2600 0.9250
18.2700 0.9253
18.2800 0.9256
18.2900 0.9258
18.3000 0.9261
18.3100 0.9264
18.3200 0.9266
18.3300 0.9269
18.3400 0.9272
18.3500 0.9274
18.3600 0.9277
18.3700 0.9280
18.3800 0.9283
18.3900 0.9285
18.4000 0.9288
18.4100 0.9291
18.4200 0.9293
18.4300 0.9296
18.4400 0.9299
18.4500 0.9302
18.4600 0.9304
18.4700 0.9307
18.4800 0.9310
18.4900 0.9312
18.5000 0.9315
18.5100 0.9318
18.5200 0.9320
18.5300 0.9323
18.5400 0.9326
18.5500 0.9328
18.5600 0.9331
18.5700 0.9334
18.5800 0.9337
18.5900 0.9339
18.6000 0.9342
18.6100 0.9345
18.6200 0.9347
18.6300 0.9350
18.6400 0.9353
18.6500 0.9355
18.6600 0.9358
18.6700 0.9361
18.6800 0.9364
18.6900 0.9366
18.7000 0.9369
18.7100 0.9372
18.7200 0.9374
18.7300 0.9377
18.7400 0.9380
18.7500 0.9383
18.7600 0.9385
18.7700 0.9388
18.7800 0.9391
18.7900 0.9393
18.8000 0.9396
18.8100 0.9399
18.8200 0.9401
18.8300 0.9404
18.8400 0.9407
18.8500 0.9409
18.8600 0.9412
18.8700 0.9415
18.8800 0.9418
18.8900 0.9420
18.9000 0.9423
18.9100 0.9426
18.9200 0.9428
18.9300 0.9431
18.9400 0.9434
18.9500 0.9436
18.9600 0.9439
18.9700 0.9442
18.9800 0.9445
18.9900 0.9447
19.0000 0.9450
19.0100 0.9453
19.0200 0.9455
19.0300 0.9458
19.0400 0.9461
19.0500 0.9464
19.0600 0.9466
19.0700 0.9469
19.0800 0.9472
19.0900 0.9474
19.1000 0.9477
19.1100 0.9480
19.1200 0.9482
19.1300 0.9485
19.1400 0.9488
19.1500 0.9490
19.1600 0.9493
19.1700 0.9496
19.1800 0.9499
19.1900 0.9501
19.2000 0.9504
19.2100 0.9507
19.2200 0.9509
19.2300 0.9512
19.2400 0.9515
19.2500 0.9517
19.2600 0.9520
19.2700 0.9523
19.2800 0.9526
19.2900 0.9528
19.3000 0.9531
19.3100 0.9534
19.3200 0.9536
19.3300 0.9539
19.3400 0.9542
19.3500 0.9545
19.3600 0.9547
19.3700 0.9550
19.3800 0.9553
19.3900 0.9555
19.4000 0.9558
19.4100 0.9561
19.4200 0.9563
19.4300 0.9566
19.4400 0.9569
19.4500 0.9571
19.4600 0.9574
19.4700 0.9577
19.4800 0.9580
19.4900 0.9582
19.5000 0.9585
19.5100 0.9588
19.5200 0.9590
19.5300 0.9593
19.5400 0.9596
19.5500 0.9598
19.5600 0.9601
19.5700 0.9604
19.5800 0.9607
19.5900 0.9609
19.6000 0.9612
19.6100 0.9615
19.6200 0.9617
19.6300 0.9620
19.6400 0.9623
19.6500 0.9626
19.6600 0.9628
19.6700 0.9631
19.6800 0.9634
19.6900 0.9636
19.7000 0.9639
19.7100 0.9642
19.7200 0.9644
19.7300 0.9647
19.7400 0.9650
19.7500 0.9653
19.7600 0.9655
19.7700 0.9658
19.7800 0.9661
19.7900 0.9663
19.8000 0.9666
19.8100 0.9669
19.8200 0.9671
19.8300 0.9674
19.8400 0.9677
19.8500 0.9679
19.8600 0.9682
19.8700 0.9685
19.8800 0.9688
19.8900 0.9690
19.9000 0.9693
19.9100 0.9696
19.9200 0.9698
19.9300 0.9701
19.9400 0.9704
19.9500 0.9707
19.9600 0.9709
19.9700 0.9712
19.9800 0.9715
19.9900 0.9717
20.0000 0.9720