#2101
-1.0000 0.4836
-0.9900 0.4836
-0.9800 0.4836
-0.9700 0.4836
-0.9600 0.4836
-0.9500 0.4836
-0.9400 0.4836
-0.9300 0.4836
-0.9200 0.4836
-0.9100 0.4836
-0.9000 0.4836
-0.8900 0.4836
-0.8800 0.4836
-0.8700 0.4836
-0.8600 0.4836
-0.8500 0.4836
-0.8400 0.4836
-0.8300 0.4836
-0.8200 0.4836
-0.8100 0.4836
-0.8000 0.4836
-0.7900 0.4836
-0.7800 0.4836
-0.7700 0.4836
-0.7600 0.4836
-0.7500 0.4836
-0.7400 0.4836
-0.7300 0.4836
-0.7200 0.4836
-0.7100 0.4836
-0.7000 0.4836
-0.6900 0.4836
-0.6800 0.4836
-0.6700 0.4836
-0.6600 0.4836
-0.6500 0.4836
-0.6400 0.4836
-0.6300 0.4836
-0.6200 0.4836
-0.6100 0.4836
-0.6000 0.4836
-0.5900 0.4836
-0.5800 0.4836
-0.5700 0.4836
-0.5600 0.4836
-0.5500 0.4836
-0.5400 0.4836
-0.5300 0.4836
-0.5200 0.4836
-0.5100 0.4836
-0.5000 0.4836
-0.4900 0.4836
-0.4800 0.4836
-0.4700 0.4836
-0.4600 0.4836
-0.4500 0.4836
-0.4400 0.4836
-0.4300 0.4836
-0.4200 0.4836
-0.4100 0.4836
-0.4000 0.4836
-0.3900 0.4836
-0.3800 0.4836
-0.3700 0.4836
-0.3600 0.4836
-0.3500 0.4836
-0.3400 0.4836
-0.3300 0.4836
-0.3200 0.4836
-0.3100 0.4836
-0.3000 0.4836
-0.2900 0.4836
-0.2800 0.4836
-0.2700 0.4836
-0.2600 0.4836
-0.2500 0.4836
-0.2400 0.4836
-0.2300 0.4836
-0.2200 0.4836
-0.2100 0.4836
-0.2000 0.4836
-0.1900 0.4836
-0.1800 0.4836
-0.1700 0.4836
-0.1600 0.4836
-0.1500 0.4836
-0.1400 0.4836
-0.1300 0.4836
-0.1200 0.4836
-0.1100 0.4836
-0.1000 0.4836
-0.0900 0.4836
-0.0800 0.4836
-0.0700 0.4836
-0.0600 0.4836
-0.0500 0.4836
-0.0400 0.4836
-0.0300 0.4836
-0.0200 0.4836
-0.0100 0.4836
0.0000 0.4836
0.0100 0.4828
0.0200 0.4820
0.0300 0.4812
0.0400 0.4805
0.0500 0.4798
0.0600 0.4791
0.0700 0.4784
0.0800 0.4777
0.0900 0.4771
0.1000 0.4765
0.1100 0.4759
0.1200 0.4753
0.1300 0.4747
0.1400 0.4741
0.1500 0.4736
0.1600 0.4731
0.1700 0.4725
0.1800 0.4720
0.1900 0.4715
0.2000 0.4711
0.2100 0.4706
0.2200 0.4702
0.2300 0.4697
0.2400 0.4693
0.2500 0.4689
0.2600 0.4685
0.2700 0.4681
0.2800 0.4677
0.2900 0.4673
0.3000 0.4670
0.3100 0.4666
0.3200 0.4663
0.3300 0.4660
0.3400 0.4657
0.3500 0.4653
0.3600 0.4651
0.3700 0.4648
0.3800 0.4645
0.3900 0.4642
0.4000 0.4639
0.4100 0.4637
0.4200 0.4634
0.4300 0.4632
0.4400 0.4630
0.4500 0.4628
0.4600 0.4626
0.4700 0.4623
0.4800 0.4622
0.4900 0.4620
0.5000 0.4618
0.5100 0.4616
0.5200 0.4614
0.5300 0.4612
0.5400 0.4611
0.5500 0.4609
0.5600 0.4608
0.5700 0.4607
0.5800 0.4605
0.5900 0.4604
0.6000 0.4603
0.6100 0.4602
0.6200 0.4600
0.6300 0.4599
0.6400 0.4598
0.6500 0.4597
0.6600 0.4597
0.6700 0.4596
0.6800 0.4595
0.6900 0.4594
0.7000 0.4593
0.7100 0.4593
0.7200 0.4592
0.7300 0.4592
0.7400 0.4591
0.7500 0.4591
0.7600 0.4590
0.7700 0.4590
0.7800 0.4590
0.7900 0.4589
0.8000 0.4589
0.8100 0.4589
0.8200 0.4589
0.8300 0.4588
0.8400 0.4588
0.8500 0.4588
0.8600 0.4588
0.8700 0.4588
0.8800 0.4588
0.8900 0.4588
0.9000 0.4588
0.9100 0.4589
0.9200 0.4589
0.9300 0.4589
0.9400 0.4589
0.9500 0.4590
0.9600 0.4590
0.9700 0.4590
0.9800 0.4591
0.9900 0.4591
1.0000 0.4592
1.0100 0.4592
1.0200 0.4592
1.0300 0.4593
1.0400 0.4594
1.0500 0.4594
1.0600 0.4595
1.0700 0.4595
1.0800 0.4596
1.0900 0.4597
1.1000 0.4597
1.1100 0.4598
1.1200 0.4599
1.1300 0.4600
1.1400 0.4601
1.1500 0.4601
1.1600 0.4602
1.1700 0.4603
1.1800 0.4604
1.1900 0.4605
1.2000 0.4606
1.2100 0.4607
1.2200 0.4608
1.2300 0.4609
1.2400 0.4610
1.2500 0.4611
1.2600 0.4612
1.2700 0.4613
1.2800 0.4614
1.2900 0.4616
1.3000 0.4617
1.3100 0.4618
1.3200 0.4619
1.3300 0.4620
1.3400 0.4622
1.3500 0.4623
1.3600 0.4624
1.3700 0.4625
1.3800 0.4627
1.3900 0.4628
1.4000 0.4629
1.4100 0.4631
1.4200 0.4632
1.4300 0.4633
1.4400 0.4635
1.4500 0.4636
1.4600 0.4638
1.4700 0.4639
1.4800 0.4641
1.4900 0.4642
1.5000 0.4644
1.5100 0.4645
1.5200 0.4647
1.5300 0.4648
1.5400 0.4650
1.5500 0.4652
1.5600 0.4653
1.5700 0.4655
1.5800 0.4656
1.5900 0.4658
1.6000 0.4660
1.6100 0.4661
1.6200 0.4663
1.6300 0.4665
1.6400 0.4666
1.6500 0.4668
1.6600 0.4670
1.6700 0.4672
1.6800 0.4673
1.6900 0.4675
1.7000 0.4677
1.7100 0.4679
1.7200 0.4681
1.7300 0.4682
1.7400 0.4684
1.7500 0.4686
1.7600 0.4688
1.7700 0.4690
1.7800 0.4692
1.7900 0.4693
1.8000 0.4695
1.8100 0.4697
1.8200 0.4699
1.8300 0.4701
1.8400 0.4703
1.8500 0.4705
1.8600 0.4707
1.8700 0.4709
1.8800 0.4711
1.8900 0.4713
1.9000 0.4715
1.9100 0.4717
1.9200 0.4719
1.9300 0.4721
1.9400 0.4723
1.9500 0.4725
1.9600 0.4727
1.9700 0.4729
1.9800 0.4731
1.9900 0.4733
2.0000 0.4736
2.0100 0.4738
2.0200 0.4740
2.0300 0.4742
2.0400 0.4744
2.0500 0.4746
2.0600 0.4748
2.0700 0.4750
2.0800 0.4753
2.0900 0.4755
2.1000 0.4757
2.1100 0.4759
2.1200 0.4761
2.1300 0.4764
2.1400 0.4766
2.1500 0.4768
2.1600 0.4770
2.1700 0.4773
2.1800 0.4775
2.1900 0.4777
2.2000 0.4779
2.2100 0.4782
2.2200 0.4784
2.2300 0.4786
2.2400 0.4788
2.2500 0.4791
2.2600 0.4793
2.2700 0.4795
2.2800 0.4798
2.2900 0.4800
2.3000 0.4802
2.3100 0.4805
2.3200 0.4807
2.3300 0.4809
2.3400 0.4812
2.3500 0.4814
2.3600 0.4816
2.3700 0.4819
2.3800 0.4821
2.3900 0.4824
2.4000 0.4826
2.4100 0.4828
2.4200 0.4831
2.4300 0.4833
2.4400 0.4835
2.4500 0.4838
2.4600 0.4840
2.4700 0.4843
2.4800 0.4845
2.4900 0.4848
2.5000 0.4850
2.5100 0.4853
2.5200 0.4855
2.5300 0.4858
2.5400 0.4860
2.5500 0.4863
2.5600 0.4865
2.5700 0.4868
2.5800 0.4870
2.5900 0.4873
2.6000 0.4875
2.6100 0.4878
2.6200 0.4880
2.6300 0.4883
2.6400 0.4885
2.6500 0.4888
2.6600 0.4890
2.6700 0.4893
2.6800 0.4895
2.6900 0.4898
2.7000 0.4900
2.7100 0.4903
2.7200 0.4905
2.7300 0.4908
2.7400 0.4911
2.7500 0.4913
2.7600 0.4916
2.7700 0.4918
2.7800 0.4921
2.7900 0.4924
2.8000 0.4926
2.8100 0.4929
2.8200 0.4931
2.8300 0.4934
2.8400 0.4937
2.8500 0.4939
2.8600 0.4942
2.8700 0.4944
2.8800 0.4947
2.8900 0.4950
2.9000 0.4952
2.9100 0.4955
2.9200 0.4958
2.9300 0.4960
2.9400 0.4963
2.9500 0.4966
2.9600 0.4968
2.9700 0.4971
2.9800 0.4974
2.9900 0.4976
3.0000 0.4979
3.0100 0.4982
3.0200 0.4984
3.0300 0.4987
3.0400 0.4990
3.0500 0.4992
3.0600 0.4995
3.0700 0.4998
3.0800 0.5001
3.0900 0.5003
3.1000 0.5006
3.1100 0.5009
3.1200 0.5011
3.1300 0.5014
3.1400 0.5017
3.1500 0.5020
3.1600 0.5022
3.1700 0.5025
3.1800 0.5028
3.1900 0.5031
3.2000 0.5033
3.2100 0.5036
3.2200 0.5039
3.2300 0.5042
3.2400 0.5044
3.2500 0.5047
3.2600 0.5050
3.2700 0.5053
3.2800 0.5056
3.2900 0.5058
3.3000 0.5061
3.3100 0.5064
3.3200 0.5067
3.3300 0.5069
3.3400 0.5072
3.3500 0.5075
3.3600 0.5078
3.3700 0.5081
3.3800 0.5083
3.3900 0.5086
3.4000 0.5089
3.4100 0.5092
3.4200 0.5095
3.4300 0.5098
3.4400 0.5100
3.4500 0.5103
3.4600 0.5106
3.4700 0.5109
3.4800 0.5112
3.4900 0.5114
3.5000 0.5117
3.5100 0.5120
3.5200 0.5123
3.5300 0.5126
3.5400 0.5129
3.5500 0.5131
3.5600 0.5134
3.5700 0.5137
3.5800 0.5140
3.5900 0.5143
3.6000 0.5146
3.6100 0.5149
3.6200 0.5151
3.6300 0.5154
3.6400 0.5157
3.6500 0.5160
3.6600 0.5163
3.6700 0.5166
3.6800 0.5169
3.6900 0.5172
3.7000 0.5175
3.7100 0.5178
3.7200 0.5180
3.7300 0.5183
3.7400 0.5186
3.7500 0.5189
3.7600 0.5192
3.7700 0.5195
3.7800 0.5198
3.7900 0.5201
3.8000 0.5204
3.8100 0.5206
3.8200 0.5209
3.8300 0.5212
3.8400 0.5215
3.8500 0.5218
3.8600 0.5221
3.8700 0.5224
3.8800 0.5227
3.8900 0.5230
3.9000 0.5233
3.9100 0.5236
3.9200 0.5239
3.9300 0.5242
3.9400 0.5244
3.9500 0.5248
3.9600 0.5250
3.9700 0.5253
3.9800 0.5256
3.9900 0.5259
4.0000 0.5262
4.0100 0.5265
4.0200 0.5268
4.0300 0.5271
4.0400 0.5274
4.0500 0.5277
4.0600 0.5280
4.0700 0.5283
4.0800 0.5286
4.0900 0.5289
4.1000 0.5292
4.1100 0.5295
4.1200 0.5298
4.1300 0.5301
4.1400 0.5304
4.1500 0.5307
4.1600 0.5310
4.1700 0.5313
4.1800 0.5316
4.1900 0.5319
4.2000 0.5322
4.2100 0.5325
4.2200 0.5327
4.2300 0.5331
4.2400 0.5333
4.2500 0.5336
4.2600 0.5340
4.2700 0.5343
4.2800 0.5345
4.2900 0.5349
4.3000 0.5352
4.3100 0.5354
4.3200 0.5357
4.3300 0.5361
4.3400 0.5363
4.3500 0.5366
4.3600 0.5370
4.3700 0.5373
4.3800 0.5376
4.3900 0.5379
4.4000 0.5382
4.4100 0.5385
4.4200 0.5388
4.4300 0.5391
4.4400 0.5394
4.4500 0.5397
4.4600 0.5400
4.4700 0.5403
4.4800 0.5406
4.4900 0.5409
4.5000 0.5412
4.5100 0.5415
4.5200 0.5418
4.5300 0.5421
4.5400 0.5424
4.5500 0.5427
4.5600 0.5430
4.5700 0.5433
4.5800 0.5436
4.5900 0.5439
4.6000 0.5442
4.6100 0.5445
4.6200 0.5448
4.6300 0.5451
4.6400 0.5454
4.6500 0.5457
4.6600 0.5461
4.6700 0.5464
4.6800 0.5467
4.6900 0.5470
4.7000 0.5473
4.7100 0.5476
4.7200 0.5479
4.7300 0.5482
4.7400 0.5485
4.7500 0.5488
4.7600 0.5491
4.7700 0.5494
4.7800 0.5497
4.7900 0.5500
4.8000 0.5503
4.8100 0.5506
4.8200 0.5510
4.8300 0.5513
4.8400 0.5516
4.8500 0.5519
4.8600 0.5522
4.8700 0.5525
4.8800 0.5528
4.8900 0.5531
4.9000 0.5534
4.9100 0.5537
4.9200 0.5540
4.9300 0.5544
4.9400 0.5547
4.9500 0.5550
4.9600 0.5553
4.9700 0.5556
4.9800 0.5559
4.9900 0.5562
5.0000 0.5565
5.0100 0.5568
5.0200 0.5571
5.0300 0.5574
5.0400 0.5577
5.0500 0.5581
5.0600 0.5584
5.0700 0.5587
5.0800 0.5590
5.0900 0.5593
5.1000 0.5596
5.1100 0.5599
5.1200 0.5602
5.1300 0.5605
5.1400 0.5608
5.1500 0.5612
5.1600 0.5615
5.1700 0.5618
5.1800 0.5621
5.1900 0.5624
5.2000 0.5627
5.2100 0.5630
5.2200 0.5633
5.2300 0.5636
5.2400 0.5640
5.2500 0.5643
5.2600 0.5646
5.2700 0.5649
5.2800 0.5652
5.2900 0.5655
5.3000 0.5658
5.3100 0.5662
5.3200 0.5665
5.3300 0.5668
5.3400 0.5671
5.3500 0.5674
5.3600 0.5677
5.3700 0.5680
5.3800 0.5683
5.3900 0.5686
5.4000 0.5690
5.4100 0.5693
5.4200 0.5696
5.4300 0.5699
5.4400 0.5702
5.4500 0.5705
5.4600 0.5708
5.4700 0.5712
5.4800 0.5715
5.4900 0.5718
5.5000 0.5721
5.5100 0.5724
5.5200 0.5727
5.5300 0.5730
5.5400 0.5734
5.5500 0.5737
5.5600 0.5740
5.5700 0.5743
5.5800 0.5746
5.5900 0.5749
5.6000 0.5753
5.6100 0.5756
5.6200 0.5759
5.6300 0.5762
5.6400 0.5765
5.6500 0.5768
5.6600 0.5771
5.6700 0.5775
5.6800 0.5778
5.6900 0.5781
5.7000 0.5784
5.7100 0.5787
5.7200 0.5790
5.7300 0.5794
5.7400 0.5797
5.7500 0.5800
5.7600 0.5803
5.7700 0.5806
5.7800 0.5809
5.7900 0.5813
5.8000 0.5816
5.8100 0.5819
5.8200 0.5822
5.8300 0.5825
5.8400 0.5828
5.8500 0.5831
5.8600 0.5835
5.8700 0.5838
5.8800 0.5841
5.8900 0.5844
5.9000 0.5847
5.9100 0.5850
5.9200 0.5854
5.9300 0.5857
5.9400 0.5860
5.9500 0.5863
5.9600 0.5866
5.9700 0.5869
5.9800 0.5873
5.9900 0.5876
6.0000 0.5879
6.0100 0.5882
6.0200 0.5885
6.0300 0.5889
6.0400 0.5892
6.0500 0.5895
6.0600 0.5898
6.0700 0.5901
6.0800 0.5905
6.0900 0.5908
6.1000 0.5911
6.1100 0.5914
6.1200 0.5917
6.1300 0.5920
6.1400 0.5924
6.1500 0.5927
6.1600 0.5930
6.1700 0.5933
6.1800 0.5936
6.1900 0.5940
6.2000 0.5943
6.2100 0.5946
6.2200 0.5949
6.2300 0.5952
6.2400 0.5956
6.2500 0.5959
6.2600 0.5962
6.2700 0.5965
6.2800 0.5968
6.2900 0.5971
6.3000 0.5975
6.3100 0.5978
6.3200 0.5981
6.3300 0.5984
6.3400 0.5988
6.3500 0.5991
6.3600 0.5994
6.3700 0.5997
6.3800 0.6000
6.3900 0.6004
6.4000 0.6007
6.4100 0.6010
6.4200 0.6013
6.4300 0.6016
6.4400 0.6019
6.4500 0.6023
6.4600 0.6026
6.4700 0.6029
6.4800 0.6032
6.4900 0.6036
6.5000 0.6039
6.5100 0.6042
6.5200 0.6045
6.5300 0.6048
6.5400 0.6052
6.5500 0.6055
6.5600 0.6058
6.5700 0.6061
6.5800 0.6064
6.5900 0.6068
6.6000 0.6071
6.6100 0.6074
6.6200 0.6077
6.6300 0.6080
6.6400 0.6084
6.6500 0.6087
6.6600 0.6090
6.6700 0.6093
6.6800 0.6097
6.6900 0.6100
6.7000 0.6103
6.7100 0.6106
6.7200 0.6109
6.7300 0.6113
6.7400 0.6116
6.7500 0.6119
6.7600 0.6122
6.7700 0.6126
6.7800 0.6129
6.7900 0.6132
6.8000 0.6135
6.8100 0.6138
6.8200 0.6142
6.8300 0.6145
6.8400 0.6148
6.8500 0.6151
6.8600 0.6155
6.8700 0.6158
6.8800 0.6161
6.8900 0.6164
6.9000 0.6167
6.9100 0.6171
6.9200 0.6174
6.9300 0.6177
6.9400 0.6180
6.9500 0.6184
6.9600 0.6187
6.9700 0.6190
6.9800 0.6193
6.9900 0.6197
7.0000 0.6200
7.0100 0.6203
7.0200 0.6206
7.0300 0.6209
7.0400 0.6213
7.0500 0.6216
7.0600 0.6219
7.0700 0.6222
7.0800 0.6226
7.0900 0.6229
7.1000 0.6232
7.1100 0.6235
7.1200 0.6239
7.1300 0.6242
7.1400 0.6245
7.1500 0.6248
7.1600 0.6251
7.1700 0.6255
7.1800 0.6258
7.1900 0.6261
7.2000 0.6264
7.2100 0.6268
7.2200 0.6271
7.2300 0.6274
7.2400 0.6277
7.2500 0.6281
7.2600 0.6284
7.2700 0.6287
7.2800 0.6290
7.2900 0.6294
7.3000 0.6297
7.3100 0.6300
7.3200 0.6303
7.3300 0.6307
7.3400 0.6310
7.3500 0.6313
7.3600 0.6316
7.3700 0.6320
7.3800 0.6323
7.3900 0.6326
7.4000 0.6329
7.4100 0.6332
7.4200 0.6336
7.4300 0.6339
7.4400 0.6342
7.4500 0.6345
7.4600 0.6349
7.4700 0.6352
7.4800 0.6355
7.4900 0.6359
7.5000 0.6362
7.5100 0.6365
7.5200 0.6368
7.5300 0.6371
7.5400 0.6375
7.5500 0.6378
7.5600 0.6381
7.5700 0.6384
7.5800 0.6388
7.5900 0.6391
7.6000 0.6394
7.6100 0.6398
7.6200 0.6401
7.6300 0.6404
7.6400 0.6407
7.6500 0.6411
7.6600 0.6414
7.6700 0.6417
7.6800 0.6420
7.6900 0.6423
7.7000 0.6427
7.7100 0.6430
7.7200 0.6433
7.7300 0.6437
7.7400 0.6440
7.7500 0.6443
7.7600 0.6446
7.7700 0.6450
7.7800 0.6453
7.7900 0.6456
7.8000 0.6459
7.8100 0.6463
7.8200 0.6466
7.8300 0.6469
7.8400 0.6472
7.8500 0.6476
7.8600 0.6479
7.8700 0.6482
7.8800 0.6485
7.8900 0.6489
7.9000 0.6492
7.9100 0.6495
7.9200 0.6499
7.9300 0.6502
7.9400 0.6505
7.9500 0.6508
7.9600 0.6512
7.9700 0.6515
7.9800 0.6518
7.9900 0.6521
8.0000 0.6525
8.0100 0.6528
8.0200 0.6531
8.0300 0.6534
8.0400 0.6538
8.0500 0.6541
8.0600 0.6544
8.0700 0.6548
8.0800 0.6551
8.0900 0.6554
8.1000 0.6557
8.1100 0.6561
8.1200 0.6564
8.1300 0.6567
8.1400 0.6570
8.1500 0.6574
8.1600 0.6577
8.1700 0.6580
8.1800 0.6583
8.1900 0.6587
8.2000 0.6590
8.2100 0.6593
8.2200 0.6596
8.2300 0.6600
8.2400 0.6603
8.2500 0.6606
8.2600 0.6610
8.2700 0.6613
8.2800 0.6616
8.2900 0.6619
8.3000 0.6623
8.3100 0.6626
8.3200 0.6629
8.3300 0.6633
8.3400 0.6636
8.3500 0.6639
8.3600 0.6642
8.3700 0.6646
8.3800 0.6649
8.3900 0.6652
8.4000 0.6655
8.4100 0.6659
8.4200 0.6662
8.4300 0.6665
8.4400 0.6669
8.4500 0.6672
8.4600 0.6675
8.4700 0.6678
8.4800 0.6682
8.4900 0.6685
8.5000 0.6688
8.5100 0.6692
8.5200 0.6695
8.5300 0.6698
8.5400 0.6701
8.5500 0.6705
8.5600 0.6708
8.5700 0.6711
8.5800 0.6714
8.5900 0.6718
8.6000 0.6721
8.6100 0.6724
8.6200 0.6727
8.6300 0.6731
8.6400 0.6734
8.6500 0.6737
8.6600 0.6741
8.6700 0.6744
8.6800 0.6747
8.6900 0.6751
8.7000 0.6754
8.7100 0.6757
8.7200 0.6760
8.7300 0.6764
8.7400 0.6767
8.7500 0.6770
8.7600 0.6774
8.7700 0.6777
8.7800 0.6780
8.7900 0.6783
8.8000 0.6787
8.8100 0.6790
8.8200 0.6793
8.8300 0.6796
8.8400 0.6800
8.8500 0.6803
8.8600 0.6806
8.8700 0.6810
8.8800 0.6813
8.8900 0.6816
8.9000 0.6819
8.9100 0.6823
8.9200 0.6826
8.9300 0.6829
8.9400 0.6833
8.9500 0.6836
8.9600 0.6839
8.9700 0.6843
8.9800 0.6846
8.9900 0.6849
9.0000 0.6852
9.0100 0.6856
9.0200 0.6859
9.0300 0.6862
9.0400 0.6865
9.0500 0.6869
9.0600 0.6872
9.0700 0.6875
9.0800 0.6879
9.0900 0.6882
9.1000 0.6885
9.1100 0.6888
9.1200 0.6892
9.1300 0.6895
9.1400 0.6898
9.1500 0.6902
9.1600 0.6905
9.1700 0.6908
9.1800 0.6912
9.1900 0.6915
9.2000 0.6918
9.2100 0.6921
9.2200 0.6925
9.2300 0.6928
9.2400 0.6931
9.2500 0.6935
9.2600 0.6938
9.2700 0.6941
9.2800 0.6945
9.2900 0.6948
9.3000 0.6951
9.3100 0.6954
9.3200 0.6958
9.3300 0.6961
9.3400 0.6964
9.3500 0.6967
9.3600 0.6971
9.3700 0.6974
9.3800 0.6977
9.3900 0.6981
9.4000 0.6984
9.4100 0.6987
9.4200 0.6991
9.4300 0.6994
9.4400 0.6997
9.4500 0.7000
9.4600 0.7004
9.4700 0.7007
9.4800 0.7010
9.4900 0.7014
9.5000 0.7017
9.5100 0.7020
9.5200 0.7024
9.5300 0.7027
9.5400 0.7030
9.5500 0.7033
9.5600 0.7037
9.5700 0.7040
9.5800 0.7043
9.5900 0.7047
9.6000 0.7050
9.6100 0.7053
9.6200 0.7056
9.6300 0.7060
9.6400 0.7063
9.6500 0.7066
9.6600 0.7070
9.6700 0.7073
9.6800 0.7076
9.6900 0.7080
9.7000 0.7083
9.7100 0.7086
9.7200 0.7089
9.7300 0.7093
9.7400 0.7096
9.7500 0.7099
9.7600 0.7103
9.7700 0.7106
9.7800 0.7109
9.7900 0.7113
9.8000 0.7116
9.8100 0.7119
9.8200 0.7123
9.8300 0.7126
9.8400 0.7129
9.8500 0.7132
9.8600 0.7136
9.8700 0.7139
9.8800 0.7142
9.8900 0.7146
9.9000 0.7149
9.9100 0.7152
9.9200 0.7156
9.9300 0.7159
9.9400 0.7162
9.9500 0.7165
9.9600 0.7169
9.9700 0.7172
9.9800 0.7175
9.9900 0.7179
10.0000 0.7182
10.0100 0.7185
10.0200 0.7189
10.0300 0.7192
10.0400 0.7195
10.0500 0.7198
10.0600 0.7202
10.0700 0.7205
10.0800 0.7208
10.0900 0.7212
10.1000 0.7215
10.1100 0.7218
10.1200 0.7222
10.1300 0.7225
10.1400 0.7228
10.1500 0.7231
10.1600 0.7235
10.1700 0.7238
10.1800 0.7241
10.1900 0.7245
10.2000 0.7248
10.2100 0.7251
10.2200 0.7255
10.2300 0.7258
10.2400 0.7261
10.2500 0.7265
10.2600 0.7268
10.2700 0.7271
10.2800 0.7275
10.2900 0.7278
10.3000 0.7281
10.3100 0.7284
10.3200 0.7288
10.3300 0.7291
10.3400 0.7294
10.3500 0.7298
10.3600 0.7301
10.3700 0.7304
10.3800 0.7308
10.3900 0.7311
10.4000 0.7314
10.4100 0.7318
10.4200 0.7321
10.4300 0.7324
10.4400 0.7327
10.4500 0.7331
10.4600 0.7334
10.4700 0.7337
10.4800 0.7341
10.4900 0.7344
10.5000 0.7347
10.5100 0.7351
10.5200 0.7354
10.5300 0.7357
10.5400 0.7360
10.5500 0.7364
10.5600 0.7367
10.5700 0.7370
10.5800 0.7374
10.5900 0.7377
10.6000 0.7380
10.6100 0.7384
10.6200 0.7387
10.6300 0.7390
10.6400 0.7394
10.6500 0.7397
10.6600 0.7400
10.6700 0.7403
10.6800 0.7407
10.6900 0.7410
10.7000 0.7413
10.7100 0.7417
10.7200 0.7420
10.7300 0.7423
10.7400 0.7427
10.7500 0.7430
10.7600 0.7433
10.7700 0.7437
10.7800 0.7440
10.7900 0.7443
10.8000 0.7447
10.8100 0.7450
10.8200 0.7453
10.8300 0.7457
10.8400 0.7460
10.8500 0.7463
10.8600 0.7466
10.8700 0.7470
10.8800 0.7473
10.8900 0.7476
10.9000 0.7480
10.9100 0.7483
10.9200 0.7486
10.9300 0.7490
10.9400 0.7493
10.9500 0.7496
10.9600 0.7500
10.9700 0.7503
10.9800 0.7506
10.9900 0.7510
11.0000 0.7513
11.0100 0.7516
11.0200 0.7519
11.0300 0.7523
11.0400 0.7526
11.0500 0.7529
11.0600 0.7533
11.0700 0.7536
11.0800 0.7539
11.0900 0.7543
11.1000 0.7546
11.1100 0.7549
11.1200 0.7553
11.1300 0.7556
11.1400 0.7559
11.1500 0.7562
11.1600 0.7566
11.1700 0.7569
11.1800 0.7572
11.1900 0.7576
11.2000 0.7579
11.2100 0.7582
11.2200 0.7586
11.2300 0.7589
11.2400 0.7592
11.2500 0.7596
11.2600 0.7599
11.2700 0.7602
11.2800 0.7606
11.2900 0.7609
11.3000 0.7612
11.3100 0.7616
11.3200 0.7619
11.3300 0.7622
11.3400 0.7625
11.3500 0.7629
11.3600 0.7632
11.3700 0.7635
11.3800 0.7639
11.3900 0.7642
11.4000 0.7645
11.4100 0.7649
11.4200 0.7652
11.4300 0.7655
11.4400 0.7659
11.4500 0.7662
11.4600 0.7665
11.4700 0.7669
11.4800 0.7672
11.4900 0.7675
11.5000 0.7679
11.5100 0.7682
11.5200 0.7685
11.5300 0.7689
11.5400 0.7692
11.5500 0.7695
11.5600 0.7699
11.5700 0.7702
11.5800 0.7705
11.5900 0.7708
11.6000 0.7712
11.6100 0.7715
11.6200 0.7718
11.6300 0.7722
11.6400 0.7725
11.6500 0.7728
11.6600 0.7732
11.6700 0.7735
11.6800 0.7738
11.6900 0.7742
11.7000 0.7745
11.7100 0.7748
11.7200 0.7752
11.7300 0.7755
11.7400 0.7758
11.7500 0.7762
11.7600 0.7765
11.7700 0.7768
11.7800 0.7772
11.7900 0.7775
11.8000 0.7778
11.8100 0.7781
11.8200 0.7785
11.8300 0.7788
11.8400 0.7791
11.8500 0.7795
11.8600 0.7798
11.8700 0.7801
11.8800 0.7805
11.8900 0.7808
11.9000 0.7811
11.9100 0.7815
11.9200 0.7818
11.9300 0.7821
11.9400 0.7825
11.9500 0.7828
11.9600 0.7831
11.9700 0.7834
11.9800 0.7838
11.9900 0.7841
12.0000 0.7844
12.0100 0.7848
12.0200 0.7851
12.0300 0.7854
12.0400 0.7858
12.0500 0.7861
12.0600 0.7864
12.0700 0.7868
12.0800 0.7871
12.0900 0.7874
12.1000 0.7878
12.1100 0.7881
12.1200 0.7884
12.1300 0.7888
12.1400 0.7891
12.1500 0.7894
12.1600 0.7898
12.1700 0.7901
12.1800 0.7904
12.1900 0.7908
12.2000 0.7911
12.2100 0.7914
12.2200 0.7917
12.2300 0.7921
12.2400 0.7924
12.2500 0.7927
12.2600 0.7931
12.2700 0.7934
12.2800 0.7937
12.2900 0.7941
12.3000 0.7944
12.3100 0.7947
12.3200 0.7951
12.3300 0.7954
12.3400 0.7957
12.3500 0.7961
12.3600 0.7964
12.3700 0.7967
12.3800 0.7971
12.3900 0.7974
12.4000 0.7977
12.4100 0.7981
12.4200 0.7984
12.4300 0.7987
12.4400 0.7991
12.4500 0.7994
12.4600 0.7997
12.4700 0.8001
12.4800 0.8004
12.4900 0.8007
12.5000 0.8011
12.5100 0.8014
12.5200 0.8017
12.5300 0.8021
12.5400 0.8024
12.5500 0.8027
12.5600 0.8031
12.5700 0.8034
12.5800 0.8037
12.5900 0.8040
12.6000 0.8044
12.6100 0.8047
12.6200 0.8050
12.6300 0.8054
12.6400 0.8057
12.6500 0.8060
12.6600 0.8064
12.6700 0.8067
12.6800 0.8070
12.6900 0.8074
12.7000 0.8077
12.7100 0.8080
12.7200 0.8084
12.7300 0.8087
12.7400 0.8090
12.7500 0.8094
12.7600 0.8097
12.7700 0.8100
12.7800 0.8104
12.7900 0.8107
12.8000 0.8110
12.8100 0.8114
12.8200 0.8117
12.8300 0.8120
12.8400 0.8124
12.8500 0.8127
12.8600 0.8130
12.8700 0.8134
12.8800 0.8137
12.8900 0.8140
12.9000 0.8144
12.9100 0.8147
12.9200 0.8150
12.9300 0.8153
12.9400 0.8157
12.9500 0.8160
12.9600 0.8163
12.9700 0.8167
12.9800 0.8170
12.9900 0.8173
13.0000 0.8177
13.0100 0.8180
13.0200 0.8183
13.0300 0.8187
13.0400 0.8190
13.0500 0.8193
13.0600 0.8197
13.0700 0.8200
13.0800 0.8203
13.0900 0.8207
13.1000 0.8210
13.1100 0.8213
13.1200 0.8217
13.1300 0.8220
13.1400 0.8223
13.1500 0.8227
13.1600 0.8230
13.1700 0.8233
13.1800 0.8236
13.1900 0.8240
13.2000 0.8243
13.2100 0.8246
13.2200 0.8250
13.2300 0.8253
13.2400 0.8256
13.2500 0.8260
13.2600 0.8263
13.2700 0.8266
13.2800 0.8270
13.2900 0.8273
13.3000 0.8276
13.3100 0.8280
13.3200 0.8283
13.3300 0.8286
13.3400 0.8290
13.3500 0.8293
13.3600 0.8296
13.3700 0.8300
13.3800 0.8303
13.3900 0.8306
13.4000 0.8310
13.4100 0.8313
13.4200 0.8316
13.4300 0.8320
13.4400 0.8323
13.4500 0.8326
13.4600 0.8330
13.4700 0.8333
13.4800 0.8336
13.4900 0.8340
13.5000 0.8343
13.5100 0.8346
13.5200 0.8350
13.5300 0.8353
13.5400 0.8356
13.5500 0.8360
13.5600 0.8363
13.5700 0.8366
13.5800 0.8369
13.5900 0.8373
13.6000 0.8376
13.6100 0.8379
13.6200 0.8383
13.6300 0.8386
13.6400 0.8389
13.6500 0.8393
13.6600 0.8396
13.6700 0.8399
13.6800 0.8403
13.6900 0.8406
13.7000 0.8409
13.7100 0.8413
13.7200 0.8416
13.7300 0.8419
13.7400 0.8423
13.7500 0.8426
13.7600 0.8429
13.7700 0.8433
13.7800 0.8436
13.7900 0.8439
13.8000 0.8443
13.8100 0.8446
13.8200 0.8449
13.8300 0.8453
13.8400 0.8456
13.8500 0.8459
13.8600 0.8463
13.8700 0.8466
13.8800 0.8469
13.8900 0.8473
13.9000 0.8476
13.9100 0.8479
13.9200 0.8483
13.9300 0.8486
13.9400 0.8489
13.9500 0.8493
13.9600 0.8496
13.9700 0.8499
13.9800 0.8503
13.9900 0.8506
14.0000 0.8509
14.0100 0.8512
14.0200 0.8516
14.0300 0.8519
14.0400 0.8522
14.0500 0.8526
14.0600 0.8529
14.0700 0.8532
14.0800 0.8536
14.0900 0.8539
14.1000 0.8542
14.1100 0.8546
14.1200 0.8549
14.1300 0.8552
14.1400 0.8556
14.1500 0.8559
14.1600 0.8562
14.1700 0.8566
14.1800 0.8569
14.1900 0.8572
14.2000 0.8576
14.2100 0.8579
14.2200 0.8582
14.2300 0.8586
14.2400 0.8589
14.2500 0.8592
14.2600 0.8596
14.2700 0.8599
14.2800 0.8602
14.2900 0.8606
14.3000 0.8609
14.3100 0.8612
14.3200 0.8616
14.3300 0.8619
14.3400 0.8622
14.3500 0.8626
14.3600 0.8629
14.3700 0.8632
14.3800 0.8636
14.3900 0.8639
14.4000 0.8642
14.4100 0.8646
14.4200 0.8649
14.4300 0.8652
14.4400 0.8656
14.4500 0.8659
14.4600 0.8662
14.4700 0.8666
14.4800 0.8669
14.4900 0.8672
14.5000 0.8676
14.5100 0.8679
14.5200 0.8682
14.5300 0.8686
14.5400 0.8689
14.5500 0.8692
14.5600 0.8696
14.5700 0.8699
14.5800 0.8702
14.5900 0.8706
14.6000 0.8709
14.6100 0.8712
14.6200 0.8715
14.6300 0.8719
14.6400 0.8722
14.6500 0.8725
14.6600 0.8729
14.6700 0.8732
14.6800 0.8735
14.6900 0.8739
14.7000 0.8742
14.7100 0.8745
14.7200 0.8749
14.7300 0.8752
14.7400 0.8755
14.7500 0.8759
14.7600 0.8762
14.7700 0.8765
14.7800 0.8769
14.7900 0.8772
14.8000 0.8775
14.8100 0.8779
14.8200 0.8782
14.8300 0.8785
14.8400 0.8789
14.8500 0.8792
14.8600 0.8795
14.8700 0.8799
14.8800 0.8802
14.8900 0.8805
14.9000 0.8809
14.9100 0.8812
14.9200 0.8815
14.9300 0.8819
14.9400 0.8822
14.9500 0.8825
14.9600 0.8829
14.9700 0.8832
14.9800 0.8835
14.9900 0.8839
15.0000 0.8842
15.0100 0.8845
15.0200 0.8849
15.0300 0.8852
15.0400 0.8855
15.0500 0.8859
15.0600 0.8862
15.0700 0.8865
15.0800 0.8869
15.0900 0.8872
15.1000 0.8875
15.1100 0.8878
15.1200 0.8882
15.1300 0.8885
15.1400 0.8888
15.1500 0.8892
15.1600 0.8895
15.1700 0.8898
15.1800 0.8902
15.1900 0.8905
15.2000 0.8908
15.2100 0.8912
15.2200 0.8915
15.2300 0.8918
15.2400 0.8922
15.2500 0.8925
15.2600 0.8928
15.2700 0.8932
15.2800 0.8935
15.2900 0.8938
15.3000 0.8942
15.3100 0.8945
15.3200 0.8948
15.3300 0.8952
15.3400 0.8955
15.3500 0.8958
15.3600 0.8962
15.3700 0.8965
15.3800 0.8968
15.3900 0.8972
15.4000 0.8975
15.4100 0.8978
15.4200 0.8982
15.4300 0.8985
15.4400 0.8988
15.4500 0.8992
15.4600 0.8995
15.4700 0.8998
15.4800 0.9002
15.4900 0.9005
15.5000 0.9008
15.5100 0.9012
15.5200 0.9015
15.5300 0.9018
15.5400 0.9022
15.5500 0.9025
15.5600 0.9028
15.5700 0.9031
15.5800 0.9035
15.5900 0.9038
15.6000 0.9041
15.6100 0.9045
15.6200 0.9048
15.6300 0.9051
15.6400 0.9055
15.6500 0.9058
15.6600 0.9061
15.6700 0.9065
15.6800 0.9068
15.6900 0.9071
15.7000 0.9075
15.7100 0.9078
15.7200 0.9081
15.7300 0.9085
15.7400 0.9088
15.7500 0.9091
15.7600 0.9095
15.7700 0.9098
15.7800 0.9101
15.7900 0.9105
15.8000 0.9108
15.8100 0.9111
15.8200 0.9115
15.8300 0.9118
15.8400 0.9121
15.8500 0.9125
15.8600 0.9128
15.8700 0.9131
15.8800 0.9135
15.8900 0.9138
15.9000 0.9141
15.9100 0.9144
15.9200 0.9148
15.9300 0.9151
15.9400 0.9154
15.9500 0.9158
15.9600 0.9161
15.9700 0.9164
15.9800 0.9168
15.9900 0.9171
16.0000 0.9174
16.0100 0.9178
16.0200 0.9181
16.0300 0.9184
16.0400 0.9188
16.0500 0.9191
16.0600 0.9194
16.0700 0.9198
16.0800 0.9201
16.0900 0.9204
16.1000 0.9208
16.1100 0.9211
16.1200 0.9214
16.1300 0.9218
16.1400 0.9221
16.1500 0.9224
16.1600 0.9228
16.1700 0.9231
16.1800 0.9234
16.1900 0.9238
16.2000 0.9241
16.2100 0.9244
16.2200 0.9248
16.2300 0.9251
16.2400 0.9254
16.2500 0.9258
16.2600 0.9261
16.2700 0.9264
16.2800 0.9268
16.2900 0.9271
16.3000 0.9274
16.3100 0.9278
16.3200 0.9281
16.3300 0.9284
16.3400 0.9288
16.3500 0.9291
16.3600 0.9294
16.3700 0.9297
16.3800 0.9301
16.3900 0.9304
16.4000 0.9307
16.4100 0.9311
16.4200 0.9314
16.4300 0.9317
16.4400 0.9321
16.4500 0.9324
16.4600 0.9327
16.4700 0.9331
16.4800 0.9334
16.4900 0.9337
16.5000 0.9341
16.5100 0.9344
16.5200 0.9347
16.5300 0.9351
16.5400 0.9354
16.5500 0.9357
16.5600 0.9361
16.5700 0.9364
16.5800 0.9367
16.5900 0.9371
16.6000 0.9374
16.6100 0.9377
16.6200 0.9381
16.6300 0.9384
16.6400 0.9387
16.6500 0.9391
16.6600 0.9394
16.6700 0.9397
16.6800 0.9401
16.6900 0.9404
16.7000 0.9407
16.7100 0.9411
16.7200 0.9414
16.7300 0.9417
16.7400 0.9421
16.7500 0.9424
16.7600 0.9427
16.7700 0.9431
16.7800 0.9434
16.7900 0.9437
16.8000 0.9440
16.8100 0.9444
16.8200 0.9447
16.8300 0.9450
16.8400 0.9454
16.8500 0.9457
16.8600 0.9460
16.8700 0.9464
16.8800 0.9467
16.8900 0.9470
16.9000 0.9474
16.9100 0.9477
16.9200 0.9480
16.9300 0.9484
16.9400 0.9487
16.9500 0.9490
16.9600 0.9494
16.9700 0.9497
16.9800 0.9500
16.9900 0.9504
17.0000 0.9507
17.0100 0.9510
17.0200 0.9514
17.0300 0.9517
17.0400 0.9520
17.0500 0.9524
17.0600 0.9527
17.0700 0.9530
17.0800 0.9534
17.0900 0.9537
17.1000 0.9540
17.1100 0.9544
17.1200 0.9547
17.1300 0.9550
17.1400 0.9554
17.1500 0.9557
17.1600 0.9560
17.1700 0.9564
17.1800 0.9567
17.1900 0.9570
17.2000 0.9574
17.2100 0.9577
17.2200 0.9580
17.2300 0.9584
17.2400 0.9587
17.2500 0.9590
17.2600 0.9594
17.2700 0.9597
17.2800 0.9600
17.2900 0.9603
17.3000 0.9607
17.3100 0.9610
17.3200 0.9613
17.3300 0.9617
17.3400 0.9620
17.3500 0.9623
17.3600 0.9627
17.3700 0.9630
17.3800 0.9633
17.3900 0.9637
17.4000 0.9640
17.4100 0.9643
17.4200 0.9647
17.4300 0.9650
17.4400 0.9653
17.4500 0.9657
17.4600 0.9660
17.4700 0.9663
17.4800 0.9667
17.4900 0.9670
17.5000 0.9673
17.5100 0.9677
17.5200 0.9680
17.5300 0.9683
17.5400 0.9687
17.5500 0.9690
17.5600 0.9693
17.5700 0.9697
17.5800 0.9700
17.5900 0.9703
17.6000 0.9707
17.6100 0.9710
17.6200 0.9713
17.6300 0.9716
17.6400 0.9720
17.6500 0.9723
17.6600 0.9726
17.6700 0.9730
17.6800 0.9733
17.6900 0.9736
17.7000 0.9740
17.7100 0.9743
17.7200 0.9746
17.7300 0.9750
17.7400 0.9753
17.7500 0.9756
17.7600 0.9760
17.7700 0.9763
17.7800 0.9766
17.7900 0.9770
17.8000 0.9773
17.8100 0.9776
17.8200 0.9780
17.8300 0.9783
17.8400 0.9786
17.8500 0.9789
17.8600 0.9793
17.8700 0.9796
17.8800 0.9799
17.8900 0.9803
17.9000 0.9806
17.9100 0.9809
17.9200 0.9813
17.9300 0.9816
17.9400 0.9819
17.9500 0.9823
17.9600 0.9826
17.9700 0.9829
17.9800 0.9833
17.9900 0.9836
18.0000 0.9839
18.0100 0.9843
18.0200 0.9846
18.0300 0.9849
18.0400 0.9853
18.0500 0.9856
18.0600 0.9859
18.0700 0.9863
18.0800 0.9866
18.0900 0.9869
18.1000 0.9873
18.1100 0.9876
18.1200 0.9879
18.1300 0.9883
18.1400 0.9886
18.1500 0.9889
18.1600 0.9892
18.1700 0.9896
18.1800 0.9899
18.1900 0.9902
18.2000 0.9906
18.2100 0.9909
18.2200 0.9912
18.2300 0.9916
18.2400 0.9919
18.2500 0.9922
18.2600 0.9926
18.2700 0.9929
18.2800 0.9932
18.2900 0.9936
18.3000 0.9939
18.3100 0.9942
18.3200 0.9946
18.3300 0.9949
18.3400 0.9952
18.3500 0.9956
18.3600 0.9959
18.3700 0.9962
18.3800 0.9966
18.3900 0.9969
18.4000 0.9972
18.4100 0.9976
18.4200 0.9979
18.4300 0.9982
18.4400 0.9986
18.4500 0.9989
18.4600 0.9992
18.4700 0.9996
18.4800 0.9999
18.4900 1.0002
18.5000 1.0005
18.5100 1.0009
18.5200 1.0012
18.5300 1.0015
18.5400 1.0019
18.5500 1.0022
18.5600 1.0025
18.5700 1.0029
18.5800 1.0032
18.5900 1.0035
18.6000 1.0039
18.6100 1.0042
18.6200 1.0045
18.6300 1.0049
18.6400 1.0052
18.6500 1.0055
18.6600 1.0059
18.6700 1.0062
18.6800 1.0065
18.6900 1.0069
18.7000 1.0072
18.7100 1.0075
18.7200 1.0079
18.7300 1.0082
18.7400 1.0085
18.7500 1.0088
18.7600 1.0092
18.7700 1.0095
18.7800 1.0098
18.7900 1.0102
18.8000 1.0105
18.8100 1.0108
18.8200 1.0112
18.8300 1.0115
18.8400 1.0118
18.8500 1.0122
18.8600 1.0125
18.8700 1.0128
18.8800 1.0132
18.8900 1.0135
18.9000 1.0138
18.9100 1.0142
18.9200 1.0145
18.9300 1.0148
18.9400 1.0152
18.9500 1.0155
18.9600 1.0158
18.9700 1.0162
18.9800 1.0165
18.9900 1.0168
19.0000 1.0172
19.0100 1.0175
19.0200 1.0178
19.0300 1.0181
19.0400 1.0185
19.0500 1.0188
19.0600 1.0191
19.0700 1.0195
19.0800 1.0198
19.0900 1.0201
19.1000 1.0205
19.1100 1.0208
19.1200 1.0211
19.1300 1.0215
19.1400 1.0218
19.1500 1.0221
19.1600 1.0225
19.1700 1.0228
19.1800 1.0231
19.1900 1.0235
19.2000 1.0238
19.2100 1.0241
19.2200 1.0245
19.2300 1.0248
19.2400 1.0251
19.2500 1.0254
19.2600 1.0258
19.2700 1.0261
19.2800 1.0264
19.2900 1.0268
19.3000 1.0271
19.3100 1.0274
19.3200 1.0278
19.3300 1.0281
19.3400 1.0284
19.3500 1.0288
19.3600 1.0291
19.3700 1.0294
19.3800 1.0298
19.3900 1.0301
19.4000 1.0304
19.4100 1.0308
19.4200 1.0311
19.4300 1.0314
19.4400 1.0318
19.4500 1.0321
19.4600 1.0324
19.4700 1.0328
19.4800 1.0331
19.4900 1.0334
19.5000 1.0337
19.5100 1.0341
19.5200 1.0344
19.5300 1.0347
19.5400 1.0351
19.5500 1.0354
19.5600 1.0357
19.5700 1.0361
19.5800 1.0364
19.5900 1.0367
19.6000 1.0371
19.6100 1.0374
19.6200 1.0377
19.6300 1.0381
19.6400 1.0384
19.6500 1.0387
19.6600 1.0391
19.6700 1.0394
19.6800 1.0397
19.6900 1.0401
19.7000 1.0404
19.7100 1.0407
19.7200 1.0410
19.7300 1.0414
19.7400 1.0417
19.7500 1.0420
19.7600 1.0424
19.7700 1.0427
19.7800 1.0430
19.7900 1.0434
19.8000 1.0437
19.8100 1.0440
19.8200 1.0444
19.8300 1.0447
19.8400 1.0450
19.8500 1.0454
19.8600 1.0457
19.8700 1.0460
19.8800 1.0464
19.8900 1.0467
19.9000 1.0470
19.9100 1.0473
19.9200 1.0477
19.9300 1.0480
19.9400 1.0483
19.9500 1.0487
19.9600 1.0490
19.9700 1.0493
19.9800 1.0497
19.9900 1.0500
20.0000 1.0503